Version 0.9.7
5
 4 10 175 77 128 0 1
 5 80 400 206 81 2 2
 0 110 110 877 276 8 3
 3 191 29 203 58 140 4
 1 198 400 206 81 159 6
 0
25
 128 5 930 358 930 358 930 358 930 371 930 371 930 371 0 3 0 3
 128 5 163 371 163 371 163 469 163 469 213 469 213 469 0 3 0 6
 128 5 176 358 176 366 20 366 20 66 202 66 202 66 0 3 0 4
 65535 5 71 189 71 189 71 137 71 137 163 137 163 137 0 1 0 3
 65535 5 930 137 930 137 930 137 930 124 930 124 930 124 0 3 0 3
 65535 5 189 137 189 137 92 137 92 411 213 411 213 411 0 3 0 6
 128 5 71 288 71 288 71 341 163 341 163 358 163 358 0 1 0 3
 64 5 215 280 215 280 215 280 215 358 215 358 215 358 0 3 0 3
 65535 5 137 215 137 215 137 124 137 124 163 124 163 124 0 3 0 3
 16711680 5 254 424 254 424 137 424 137 424 137 280 137 280 0 6 0 3
 16711680 5 150 280 150 280 150 437 150 437 273 437 273 437 0 3 0 6
 65535 5 254 215 254 215 254 215 254 137 254 137 254 137 0 3 0 3
 128 5 332 280 332 280 332 280 332 358 332 358 332 358 0 3 0 3
 8388863 5 273 424 275 424 275 279 267 280 267 280 267 280 0 6 0 3
 128 5 449 280 449 280 449 280 449 358 449 358 449 358 0 3 0 3
 65535 5 371 215 371 215 371 215 371 137 371 137 371 137 0 3 0 3
 16711935 5 163 280 163 280 163 309 371 309 371 280 371 280 0 3 0 3
 8404992 5 280 280 280 280 280 280 293 280 293 280 293 280 0 3 0 3
 65280 5 292 411 292 411 298 411 298 293 306 293 306 293 0 6 0 3
 16776960 5 319 280 319 290 231 290 231 73 237 73 237 73 0 3 0 4
 65408 5 292 424 292 424 176 424 176 424 176 319 176 319 0 6 0 3
 33023 5 397 280 397 280 397 73 397 73 257 73 257 73 0 3 0 4
 33023 5 202 280 202 280 202 306 202 306 384 306 384 306 0 3 0 3
 8388608 5 293 319 293 319 293 319 189 319 189 319 189 319 0 3 0 3
 8388863 5 254 280 254 280 254 280 254 411 254 411 254 411 0 3 0 6
3
 7008 1 14 131 228 5 0 0 274 3
 7086 1 14 248 228 5 0 0 274 3
 7032 1 14 365 228 5 0 0 274 3
