Version 0.9.7
7
 4 10 175 77 128 0 1
 5 80 400 206 81 2 2
 0 110 110 877 276 8 3
 3 256 10 203 58 140 5
 1 445 443 206 81 149 6
 1 684 447 206 81 159 7
 1 152 482 206 81 169 8
 0
31
 64 5 71 288 71 288 71 358 71 358 163 358 163 358 0 1 0 3
 64 5 930 358 930 358 930 358 930 371 930 371 930 371 0 3 0 3
 64 5 345 280 345 280 345 280 345 358 345 358 345 358 0 3 0 3
 65535 5 930 124 930 124 930 124 930 137 930 137 930 137 0 3 0 3
 65535 5 163 124 163 124 71 124 71 124 71 189 71 189 0 3 0 1
 65535 5 202 137 202 137 202 137 202 215 202 215 202 215 0 3 0 3
 64 5 267 47 267 47 252 47 252 358 176 358 176 358 0 5 0 3
 65535 5 397 137 397 137 397 454 397 454 460 454 460 454 0 3 0 6
 65535 5 670 137 670 137 670 458 670 458 699 458 699 458 0 3 0 7
 64 5 436 371 436 371 436 512 436 512 460 512 460 512 0 3 0 6
 64 5 657 371 657 371 657 516 657 516 699 516 699 516 0 3 0 7
 12615935 5 202 280 202 280 202 454 202 454 501 454 501 454 0 3 0 6
 12615935 5 228 202 228 202 231 202 231 480 520 480 520 480 0 3 0 6
 12615935 5 254 202 254 202 539 202 539 202 539 467 539 467 0 3 0 6
 12615935 5 280 215 280 215 558 215 558 215 558 467 558 467 0 3 0 6
 16744576 5 228 293 228 293 228 294 797 294 797 458 797 458 0 3 0 7
 16744576 5 241 306 241 306 778 306 778 306 778 458 778 458 0 3 0 7
 16744576 5 254 319 283 319 283 485 759 485 759 484 759 484 0 3 0 7
 16744576 5 267 319 267 319 282 319 282 458 740 458 740 458 0 3 0 7
 16711680 5 215 280 215 280 195 280 195 493 208 493 208 493 0 3 0 8
 16711680 5 215 215 215 215 216 215 216 493 227 493 227 493 0 3 0 8
 16711680 5 241 215 241 215 238 215 238 493 246 493 246 493 0 3 0 8
 16711680 5 267 215 267 215 259 215 259 493 265 493 265 493 0 3 0 8
 65535 5 163 137 163 137 163 493 163 493 167 493 167 493 0 3 0 8
 64 5 176 371 176 371 176 551 176 551 167 551 167 551 0 3 0 8
 16776960 5 280 319 280 319 280 493 280 493 284 493 284 493 0 3 0 8
 65280 5 293 319 293 319 293 493 293 493 303 493 303 493 0 3 0 8
 255 5 345 189 345 189 302 189 302 189 302 54 302 54 0 3 0 5
 255 5 306 280 306 281 371 281 371 54 362 54 362 54 0 3 0 5
 255 5 319 319 319 319 315 319 315 54 342 54 342 54 0 3 0 5
 255 5 332 319 332 319 327 319 327 54 322 54 322 54 0 3 0 5
1
 7181 1 24 196 228 5 0 14284608 0 3
