Tabela:
Número|
de|
Threads|(Sequencial)   1       2        4        8        16       32        64     128

-----------------------------------------------------------------------------------------

1000  |0.000173|0.000158|0.000147|0.000137|0.000131|0.000124|0.000119|0.000114|
-----------------------------------------------------------------------------------------

5000  |0.000870|0.000648|0.000539|0.000515|0.000516|0.000516|0.000517|0.000515

-----------------------------------------------------------------------------------------

10000 |0.001439|0.001103|0.001100|0.001099|0.001104|0.001102|0.001100|0.001097

----------------------------------------------------------------------------------------- 

15000 |0.002159|0.001706|0.001706|0.001719|0.001720|0.001713|0.001718|0.001715

----------------------------------------------------------------------------------------- 

20000 |0.002621|0.002337|0.002336|0.002346|0.002344|0.002501|0.002349|0.002334

-----------------------------------------------------------------------------------------
