
Tabela:
Número  |
de      |
Threads | (/2)   1         2        4        8        16      32       64      128
-----------------------------------------------------------------------------------------

1000                                   |0.000173|0.000129|0.000211|0.000219|0.000232|0.000252|0.000299|0.000428|
-----------------------------------------------------------------------------------------

5000                                   |0.000870|0.000648|0.000539|0.000515|0.000516|0.000516|0.000517|0.000515
-----------------------------------------------------------------------------------------

10000                                  |0.001439|0.001103|0.001100|0.001099|0.001104|0.001102|0.001100|0.001097
-----------------------------------------------------------------------------------------

15000                                  |0.002159|0.001706|0.001706|0.001719|0.001720|0.001713|0.001718|0.001715
-----------------------------------------------------------------------------------------

20000                                  |0.002621|0.002337|0.002336|0.002346|0.002344|0.002501|0.002349|0.002334
-----------------------------------------------------------------------------------------

Tabela:
Número  |
de      |
Threads | (-1)   1         2        4        8        16      32       64      128
-----------------------------------------------------------------------------------------

1000                                   |0.000172|0.000128|0.000215|0.000219|0.000492|0.000586|0.000581|0.000699|
-----------------------------------------------------------------------------------------

5000                                   |0.000710|0.000547|0.000618|0.000649|0.001342|0.001992|0.001974|0.001966
-----------------------------------------------------------------------------------------

10000                                  |0.001327|0.001015|0.001071|0.001228|0.002198|0.003809|0.003753|0.003796
-----------------------------------------------------------------------------------------

15000                                  |0.002230|0.001726|0.001783|0.001883|0.003099|0.005902|0.005787|0.005722
-----------------------------------------------------------------------------------------

20000                                  |0.002845|0.002341|0.002350|0.002436|0.003695|0.007533|0.007654|0.007685
-----------------------------------------------------------------------------------------

Tabela:
Número  |
de      |
Threads | (-2)   1         2        4        8        16      32       64      128
-----------------------------------------------------------------------------------------

1000                                   |0.000156|0.000138|0.000238|0.000220|0.000276|0.000502|0.000590|0.000688|
-----------------------------------------------------------------------------------------

5000                                   |0.000819|0.000664|0.000704|0.000750|0.000771|0.001772|0.002315|0.002350
-----------------------------------------------------------------------------------------

10000                                  |0.001405|0.001262|0.001245|0.001195|0.001417|0.002738|0.004094|0.004121
-----------------------------------------------------------------------------------------

15000                                  |0.002236|0.001741|0.001789|0.001867|0.001979|0.003448|0.005887|0.005693
-----------------------------------------------------------------------------------------

20000                                  |0.002811|0.002315|0.002404|0.002557|0.002454|0.004242|0.007770|0.007569
-----------------------------------------------------------------------------------------
