0 21
0 6
1 f
2 16
0 27
0 20
2 13
0 d
1 c
1 10
1 24
1 19
1 16
2 3
2 25
2 4
2 14
0 b
0 3
0 24
0 23
0 17
2 8
2 6
1 9
2 1f
2 1b
1 22
2 1
2 1c
0 0
0 5
2 1d
2 23
1 24
0 1e
1 22
2 4
0 17
1 18
2 11
2 7
0 13
1 13
0 26
0 27
2 1c
2 9
0 6
1 1a
2 b
2 c
1 1d
0 7
2 19
0 12
1 25
1 18
0 24
0 b
1 1c
2 0
1 16
2 20
0 9
0 19
1 6
1 21
2 27
2 13
2 14
1 9
2 12
2 22
1 13
2 23
0 14
0 26
0 25
0 19
0 f
1 4
0 13
1 b
1 a
2 11
0 1b
2 8
1 1d
1 7
2 17
0 23
2 16
2 a
0 1e
2 27
2 15
2 11
2 c
0 25
0 24
1 24
2 2
1 1
1 1
2 1
0 a
0 1c
2 1f
2 3
2 b
1 e
0 a
2 19
0 a
2 18
1 d
1 1d
1 10
0 9
0 2
1 1a
1 d
2 13
2 26
0 20
0 11
1 8
0 18
2 14
1 10
0 5
2 f
0 1f
0 2
2 17
0 c
1 2
1 14
0 15
1 25
0 7
1 c
2 6
0 16
1 c
1 5
0 10
1 1b
2 22
0 c
0 22
2 20
2 1a
1 8
1 17
1 21
1 13
0 1b
0 12
2 10
0 23
1 1c
0 15
0 27
1 20
1 3
2 26
0 10
1 4
2 f
2 1e
2 5
0 13
1 27
2 7
2 12
1 8
0 22
2 2
2 18
0 1a
0 8
2 1b
0 3
2 1a
1 f
0 16
2 d
2 5
1 2
0 1a
1 7
2 a
0 e
1 19
0 d
2 c
2 1d
0 18
1 5
1 6
2 25
0 3
2 f
0 1d
0 1f
1 0
0 14
1 27
0 25
0 1e
0 20
0 e
2 27
2 15
1 15
2 8
0 1d
0 2
1 19
0 1a
2 10
0 22
1 14
0 1c
1 20
1 12
1 1a
0 1
0 12
2 e
1 7
1 12
0 0
2 2
1 4
2 0
2 1e
2 7
0 1c
0 4
2 24
1 17
0 c
2 1a
2 12
0 15
1 3
0 e
1 1e
0 f
1 0
0 14
0 17
2 6
1 1
0 10
0 7
0 19
1 5
1 b
2 1b
1 f
2 1c
0 5
1 23
1 9
0 21
2 0
1 16
1 14
1 0
2 1f
1 11
0 8
1 26
2 24
2 d
2 17
1 20
1 27
1 26
1 3
1 a
0 0
0 9
2 26
1 17
2 1
0 11
1 1b
1 1f
2 22
2 15
0 1b
1 23
0 21
0 4
1 18
1 e
2 9
2 4
1 1c
1 b
1 1e
2 18
1 1b
1 1e
2 1d
1 1f
1 e
2 a
2 9
2 16
1 2
0 18
2 3
0 6
2 5
2 d
1 11
2 25
0 16
1 21
2 e
1 a
2 21
1 25
0 1
1 1f
1 26
1 15
1 11
0 11
1 23
1 6
1 d
2 21
2 1e
2 21
0 4
0 b
2 19
0 1f
2 20
2 10
0 1
1 12
0 f
0 26
0 8
0 1d
2 24
1 15
2 e
1 22
0 d
2 23
2 b
